1045
1075
1078
1161
1209
1230
1300
1327
1380
1440
1447
1449
1487
1598
1602
1632
1678
1690
1704
1722
1878
1891
1913
1988
2019
2086
2111
2136
2176
2184
2269
2285
2312
2403
2435
2547
2574
2663
2710
2751
2817
2884
2968
2991
3026
3062
3121
3144
3170
3221
3226
3231
3243
3336
3362
3413
3439
3504
3505
3532
3650
3735
3813
3835
3851
3897
3980
4016
4029
4058
4060
4066
4093
4108
4145
4199
4213
4321
4383
4423
4494
4503
4510
4517
4598
4605
4640
4674
4699
4723
4839
4885
4973
4990
5046
5047
5071
5073
5125
5256
5439
5492
5518
5543
5568
5597
5606
5643
5667
5680
5709
5742
5783
5786
5878
5959
6008
6066
6078
6104
6136
6216
6266
6268
6304
6310
6335
6338
6375
6435
6502
6565
6649
6669
6730
6733
6742
6774
6781
6829
7017
7063
7065
7085
7146
7154
7163
7171
7228
7241
7257
7343
7366
7435
7585
7637
7647
7875
7881
7906
7912
7922
7923
7970
7974
7977
7982
7985
8007
8030
8068
8099
8151
8245
8247
8253
8272
8358
8402
8455
8463
8479
8530
8539
8543
8549
8551
8762
8810
8823
8898
9203
9225
9248
9465
9555
9667
9771
9777
9778
9783
9846
9850
9882
9899
10016
10035
10096
10115
10247
10407
10499
10519
10530
10614
10793
10795
10860
10867
10894
10903
10920
10983
11032
11060
11115
11220
11228
11259
11264
11376
11399
11456
11465
11506
11550
11554
11636
11672
11687
11811
11856
12124
12138
12141
12142
12151
12389
12441
12459
12540
12635
12726
12850
13125
13341
13421
13498
13510
13619
13646
13700
13714
13721
13988
14225
14256
14275
14282
14359
14418
14477
14590
14822
14824
14934
14960
15247
15267
15855
16101
16245
16478
16721
17120
17874
17928
18043
18872
20116
20232
20548
20686
20748
20779
20904
21825
22260
22325
23809
23812
24197
24216
24316
24344
24405
24468
24616
24617
24731
24782
24800
24856
24925
24975
25119
25124
25279
25283
25313
25340
25434
26156
26590
27914
27928
27965
28034
28180
28191
28192
28320
28349
28477
28733
28742
28790
28930
29028
29099
29127
29389
29392
29649
29733
29736
29751
29804
29830
29875
29901
29984
30098
30293
30490
30822
30923
30990
31587
31673
31846
31887
32106
34443
34636
35168
36190
36191
60900
60979
61388
61483
61494
61567
61574
61591
61676
61739
62263
62374
62689
63080
63501
63892
64166
64410
64630
64768
64821
64853
64891
64925
65290
65417
65609
65772
66065
66368
66446
100243
100873
104432
105365
110179
111864
112168
113490
114524
114628
117768
118122
119314
121077
121382
121718
124434
125595
126136
126296
126554
128978
133366
133768
135990
136725
138205
138743
139665
140541
141384
141459
141913
142953
143356
143357
143974
144009
144559
145046
145552
145701
145977
147579
148349
149070
149318
149337
150937
155394
157057
157855
158742
160211
160225
160329
160479
160991
161844
162129
162254
162887
162906
163610
163946
164296
164708
165052
165123
165746
165914
165993
170617
170750
170841
171007
175263
175319
175955
176928
177267
177376
177884
178507
178704
179437
179534
179621
180405
180652
180711
183377
184500
184700
186310
186989
188255
189491
260774
294524
316056
